14.840970 0.000000 -0.008168
0.004471 5.078661 0.006503
0.000000 0.000000 31.606400
1.0 0.0 0.0
0.0 1.0 0.0
0.0 0.0 1.0
0.002029 0.338799 0.250326 Na=1
0.204088 0.323885 0.252668 Na=1
0.401157 0.344963 0.248881 Na=1
0.598819 0.322283 0.248729 Na=1
0.798278 0.332639 0.251407 Na=1
0.000781 0.340787 0.583758 Na=1
0.199555 0.332468 0.582883 Na=1
0.399471 0.337876 0.583208 Na=1
0.596856 0.331332 0.582500 Na=1
0.801595 0.326333 0.583602 Na=1
0.999427 0.332897 0.918248 Na=1
0.198592 0.331001 0.918669 Na=1
0.401861 0.338987 0.916110 Na=1
0.598961 0.343464 0.913949 Na=1
0.800912 0.324918 0.917340 Na=1
0.100778 0.827415 0.250953 Na=1
0.301729 0.827315 0.250788 Na=1
0.502432 0.832939 0.248639 Na=1
0.701696 0.823451 0.251385 Na=1
0.900340 0.846389 0.250018 Na=1
0.099649 0.832334 0.584669 Na=1
0.303518 0.830665 0.583604 Na=1
0.500238 0.832556 0.583602 Na=1
0.698267 0.833655 0.583395 Na=1
0.897932 0.830953 0.583624 Na=1
0.098480 0.836563 0.917652 Na=1
0.298352 0.838734 0.917753 Na=1
0.502379 0.833053 0.915326 Na=1
0.703510 0.840392 0.914057 Na=1
0.900080 0.831973 0.917384 Na=1
0.100846 0.156382 0.082051 Na=1
0.298389 0.173138 0.083061 Na=1
0.500830 0.174229 0.084952 Na=1
0.700627 0.165016 0.083148 Na=1
0.901248 0.169522 0.081732 Na=1
0.101529 0.173910 0.414950 Na=1
0.303090 0.177529 0.416433 Na=1
0.504462 0.162710 0.418741 Na=1
0.701287 0.175902 0.415237 Na=1
0.898693 0.165504 0.416077 Na=1
0.096967 0.170249 0.749545 Na=1
0.301967 0.157463 0.749081 Na=1
0.500828 0.163925 0.749837 Na=1
0.701298 0.164481 0.751943 Na=1
0.897867 0.160950 0.750555 Na=1
0.002088 0.662831 0.081438 Na=1
0.202228 0.670649 0.082620 Na=1
0.400027 0.664493 0.085404 Na=1
0.598662 0.677583 0.085515 Na=1
0.801926 0.672621 0.081220 Na=1
0.000574 0.655942 0.416620 Na=1
0.202618 0.679981 0.414360 Na=1
0.400869 0.653642 0.417995 Na=1
0.600690 0.672032 0.417602 Na=1
0.801924 0.670371 0.415485 Na=1
0.999546 0.668904 0.749064 Na=1
0.197954 0.663475 0.748628 Na=1
0.401205 0.662089 0.749181 Na=1
0.597262 0.659582 0.752061 Na=1
0.797348 0.673466 0.750389 Na=1
0.601827 0.002481 0.999418 Mn=1
0.000871 0.000156 0.333075 Mn=1
0.402677 0.000030 0.333721 Mn=1
0.401269 0.000567 0.166843 Mn=1
0.800375 0.999802 0.166195 Mn=1
0.000574 0.000721 0.499781 Mn=1
0.402162 0.999073 0.500203 Mn=1
0.402012 0.999507 0.833321 Mn=1
0.702535 0.501290 0.999608 Mn=1
0.503398 0.499466 0.333760 Mn=1
0.899684 0.501127 0.332687 Mn=1
0.102005 0.498974 0.166266 Mn=1
0.901534 0.500212 0.166309 Mn=1
0.700013 0.500084 0.499884 Mn=1
0.300708 0.499625 0.833392 Mn=1
0.897291 0.499702 0.833646 Mn=1
0.201544 0.000348 0.333333 Zn=1
0.798691 0.000147 0.666667 Zn=1
0.002974 0.000396 0.166591 Zn=1
0.600258 0.000019 0.500018 Zn=1
0.995383 0.999397 0.833347 Zn=1
0.799487 0.999431 0.833402 Zn=1
0.901125 0.499912 0.000036 Zn=1
0.108327 0.500581 0.333333 Zn=1
0.299310 0.500496 0.333333 Zn=1
0.099477 0.499924 0.666667 Zn=1
0.499306 0.499910 0.166711 Zn=1
0.900253 0.500284 0.499932 Zn=1
0.396813 0.003376 0.000013 Fe=1
0.608284 0.999665 0.333390 Fe=1
0.199518 0.999515 0.666581 Fe=1
0.598998 0.999223 0.666818 Fe=1
0.202654 0.999745 0.166762 Fe=1
0.203242 0.001663 0.499895 Fe=1
0.800102 0.999692 0.499929 Fe=1
0.195665 0.999659 0.833314 Fe=1
0.293548 0.504297 0.999953 Fe=1
0.498070 0.502817 0.999935 Fe=1
0.300472 0.497830 0.666764 Fe=1
0.699295 0.499686 0.666667 Fe=1
0.898408 0.500086 0.666761 Fe=1
0.693432 0.499816 0.166569 Fe=1
0.102295 0.501775 0.499896 Fe=1
0.095364 0.499438 0.833462 Fe=1
0.000881 0.000078 0.000353 Ni=1
0.199379 0.002232 0.999943 Ni=1
0.803041 0.999678 0.000066 Ni=1
0.800311 0.000772 0.333032 Ni=1
0.998535 0.001231 0.666351 Ni=1
0.398985 0.998994 0.666880 Ni=1
0.599549 0.999943 0.166604 Ni=1
0.600660 0.999920 0.833493 Ni=1
0.097840 0.501655 0.000150 Ni=1
0.701270 0.501077 0.333231 Ni=1
0.499321 0.498793 0.667022 Ni=1
0.301040 0.499851 0.166670 Ni=1
0.301812 0.501642 0.500148 Ni=1
0.501246 0.498652 0.500219 Ni=1
0.502425 0.500109 0.833240 Ni=1
0.699733 0.499606 0.833692 Ni=1
0.001623 0.349987 0.132644 O=1
0.193616 0.337679 0.132023 O=1
0.396261 0.315145 0.132476 O=1
0.604906 0.339523 0.130363 O=1
0.805419 0.322643 0.133099 O=1
0.003979 0.317179 0.465862 O=1
0.199684 0.340422 0.465086 O=1
0.403806 0.317963 0.467314 O=1
0.605629 0.347985 0.466181 O=1
0.794304 0.335871 0.465245 O=1
0.995899 0.347756 0.798773 O=1
0.205379 0.340670 0.799319 O=1
0.395061 0.321765 0.800598 O=1
0.602627 0.316078 0.801172 O=1
0.802922 0.349464 0.800199 O=1
0.003902 0.309106 0.034049 O=1
0.196337 0.344105 0.034381 O=1
0.403183 0.341202 0.035056 O=1
0.604162 0.328512 0.032160 O=1
0.791738 0.346036 0.034499 O=1
0.992713 0.322139 0.365353 O=1
0.203693 0.330120 0.369502 O=1
0.412940 0.320568 0.366742 O=1
0.595753 0.339514 0.367852 O=1
0.805976 0.345142 0.365936 O=1
0.995313 0.312210 0.699919 O=1
0.204053 0.324404 0.702265 O=1
0.403453 0.336231 0.701003 O=1
0.595271 0.335837 0.701234 O=1
0.797551 0.347717 0.702346 O=1
0.103954 0.815978 0.131883 O=1
0.303910 0.845787 0.132824 O=1
0.494764 0.847830 0.132444 O=1
0.708441 0.839146 0.131821 O=1
0.895202 0.822486 0.133206 O=1
0.096598 0.842861 0.465531 O=1
0.304737 0.846342 0.466069 O=1
0.494202 0.833907 0.466438 O=1
0.704870 0.816907 0.465396 O=1
0.905748 0.850501 0.465528 O=1
0.105012 0.830785 0.797866 O=1
0.304813 0.824136 0.800890 O=1
0.494691 0.846568 0.799970 O=1
0.694608 0.813807 0.801228 O=1
0.898237 0.810276 0.798369 O=1
0.095251 0.824429 0.031375 O=1
0.304116 0.834560 0.035349 O=1
0.506152 0.844722 0.033351 O=1
0.695044 0.822889 0.032559 O=1
0.907160 0.847066 0.033882 O=1
0.089194 0.846534 0.368098 O=1
0.314697 0.847774 0.368492 O=1
0.500802 0.821735 0.366443 O=1
0.700704 0.840106 0.368837 O=1
0.904766 0.821242 0.365669 O=1
0.093952 0.849385 0.699469 O=1
0.297027 0.824754 0.702084 O=1
0.499587 0.816277 0.699802 O=1
0.694416 0.831007 0.702370 O=1
0.906591 0.838021 0.699400 O=1
0.104260 0.183922 0.200942 O=1
0.303865 0.154996 0.200729 O=1
0.494715 0.153431 0.201003 O=1
0.707942 0.156737 0.199955 O=1
0.894797 0.178243 0.199339 O=1
0.096107 0.160720 0.534097 O=1
0.304767 0.155231 0.533948 O=1
0.493979 0.160600 0.534337 O=1
0.704622 0.183776 0.534300 O=1
0.905706 0.150115 0.533930 O=1
0.105281 0.168144 0.869064 O=1
0.304814 0.174819 0.866012 O=1
0.495230 0.153290 0.866652 O=1
0.695270 0.186364 0.866690 O=1
0.899391 0.187446 0.868702 O=1
0.093933 0.176997 0.968950 O=1
0.304051 0.175919 0.964466 O=1
0.505923 0.163291 0.965306 O=1
0.695203 0.178953 0.966661 O=1
0.907047 0.150573 0.967567 O=1
0.090476 0.152698 0.298326 O=1
0.315043 0.152898 0.298761 O=1
0.500000 0.177588 0.301134 O=1
0.698354 0.161921 0.297530 O=1
0.904650 0.179832 0.299654 O=1
0.094367 0.152711 0.633363 O=1
0.296817 0.172110 0.631428 O=1
0.498280 0.182618 0.634463 O=1
0.694452 0.168722 0.631318 O=1
0.906582 0.167264 0.632696 O=1
0.001734 0.649906 0.199607 O=1
0.193913 0.658229 0.200152 O=1
0.396856 0.685451 0.201008 O=1
0.605440 0.660394 0.202595 O=1
0.805306 0.677401 0.199278 O=1
0.003852 0.683507 0.533628 O=1
0.198463 0.670950 0.535236 O=1
0.403102 0.681099 0.533433 O=1
0.605055 0.651362 0.533499 O=1
0.794164 0.664824 0.534290 O=1
0.996375 0.651979 0.868306 O=1
0.205361 0.658041 0.867512 O=1
0.394974 0.678070 0.866364 O=1
0.602802 0.682889 0.865982 O=1
0.803971 0.650475 0.867946 O=1
0.004586 0.686278 0.967536 O=1
0.198239 0.666509 0.964713 O=1
0.403668 0.670768 0.964324 O=1
0.604611 0.676757 0.966351 O=1
0.792180 0.654896 0.965323 O=1
0.993097 0.679741 0.299931 O=1
0.203346 0.672277 0.296922 O=1
0.412317 0.678221 0.301244 O=1
0.595381 0.658313 0.299477 O=1
0.806005 0.658081 0.298982 O=1
0.995524 0.688223 0.633317 O=1
0.204665 0.671700 0.631423 O=1
0.404106 0.657799 0.634175 O=1
0.595289 0.663705 0.632439 O=1
0.797422 0.651826 0.631193 O=1